POÇO PETROBRAS 7-ANB-1D-AL   Sonda   sc-91   Mesa Rotativa   118.0 m
POÇO ANP       7-ANB-1D-AL   SAD-69  X=8922103.190      Y=821795.607     MC=39°
CADASTRO ANP   08115021403
¤	
Trajet.	Prof.Med.(m)	Inclinação(°)	Direção	Prof.Vertical(m)	Cota(M)		Afast.(m)	Coord.N/S	Coord.L/W	UTMNorte(m)	UTMLeste(m)	DogLegSev.(°/30m)
TIE-0	4,90		0,00		N0,00E	4,90			113,30		0,00		0,00		0,00		8.922.211,00	821.622,00	0,00
MWD	284,00		0,09		S44,20E	284,00			-165,80		0,22		-0,16		0,15		8.922.210,84	821.622,15	0,01
MWD	312,00		0,41		N3,41W	312,00			-193,80		0,17		-0,07		0,16		8.922.210,93	821.622,16	0,52
MWD	341,00		1,25		N18,18W	341,00			-222,80		0,34		0,33		0,06		8.922.211,33	821.622,06	0,89
MWD	370,00		1,95		N27,53E	369,99			-251,79		1,09		1,07		0,19		8.922.212,07	821.622,19	1,45
MWD	398,00		1,85		N52,19E	397,97			-279,77		1,93		1,77		0,76		8.922.212,77	821.622,76	0,88
MWD	436,00		1,13		S68,65E	435,96			-317,76		2,57		2,01		1,60		8.922.213,01	821.623,60	1,26
MWD	463,00		1,17		S68,34E	462,95			-344,75		2,77		1,81		2,10		8.922.212,81	821.624,10	0,04
MWD	491,00		1,05		S62,35E	490,95			-372,75		3,04		1,59		2,59		8.922.212,59	821.624,59	0,18
MWD	519,00		0,84		S73,99E	518,95			-400,75		3,33		1,41		3,02		8.922.212,41	821.625,02	0,30
MWD	547,00		0,42		S51,55E	546,94			-428,74		3,54		1,29		3,30		8.922.212,29	821.625,30	0,51
MWD	575,00		0,18		S64,70E	574,94			-456,74		3,63		1,21		3,42		8.922.212,21	821.625,42	0,27
MWD	604,00		0,86		S79,76E	603,94			-485,74		3,85		1,15		3,67		8.922.212,15	821.625,67	0,71
MWD	632,00		2,69		S81,07E	631,93			-513,73		4,64		1,01		4,53		8.922.212,01	821.626,53	1,96
MWD	660,00		3,51		S77,65E	659,89			-541,69		6,05		0,72		6,01		8.922.211,72	821.628,01	0,90
MWD	689,00		4,89		S76,95E	688,81			-570,61		8,09		0,25		8,09		8.922.211,25	821.630,09	1,43
MWD	707,00		5,87		S78,08E	706,73			-588,53		9,73		-0,11		9,73		8.922.210,89	821.631,73	1,64
MWD	725,00		6,80		S80,20E	724,62			-606,42		11,69		-0,48		11,68		8.922.210,52	821.633,68	1,60
MWD	744,00		8,33		S75,78E	743,45			-625,25		14,17		-1,01		14,13		8.922.209,99	821.636,13	2,58
MWD	763,00		10,60		S73,75E	762,19			-643,99		17,24		-1,84		17,14		8.922.209,16	821.639,14	3,62
MWD	782,00		13,05		S65,97E	780,79			-662,59		21,02		-3,20		20,78		8.922.207,80	821.642,78	4,61
MWD	801,00		15,55		S65,28E	799,20			-681,00		25,57		-5,14		25,05		8.922.205,86	821.647,05	3,96
MWD	820,00		17,50		S68,91E	817,41			-699,21		30,89		-7,23		30,03		8.922.203,77	821.652,03	3,48
MWD	838,00		18,41		S66,41E	834,54			-716,34		36,38		-9,34		35,16		8.922.201,66	821.657,16	1,99
MWD	866,00		21,07		S60,92E	860,89			-742,69		45,67		-13,56		43,61		8.922.197,44	821.665,61	3,47
MWD	885,00		22,68		S62,59E	878,52			-760,32		52,64		-16,91		49,85		8.922.194,09	821.671,85	2,73
MWD	904,00		24,08		S62,59E	895,96			-777,76		60,10		-20,38		56,54		8.922.190,62	821.678,54	2,21
MWD	923,00		25,66		S62,42E	913,20			-795,00		68,03		-24,07		63,63		8.922.186,93	821.685,63	2,50
MWD	942,00		27,33		S63,65E	930,20			-812,00		76,47		-27,91		71,19		8.922.183,09	821.693,19	2,78
MWD	961,00		28,04		S66,46E	947,03			-828,83		85,27		-31,63		79,19		8.922.179,37	821.701,19	2,35
MWD	1.010,00	30,52		S69,40E	989,77			-871,57		109,23		-40,61		101,40		8.922.170,39	821.723,40	1,75
MWD	1.039,00	34,92		S75,00E	1.014,17		-895,97		124,85		-45,35		116,32		8.922.165,65	821.738,32	5,52
MWD	1.066,00	35,58		S73,59E	1.036,22		-918,02		140,36		-49,57		131,32		8.922.161,43	821.753,32	1,16
MWD	1.085,00	34,48		S74,01E	1.051,77		-933,57		151,24		-52,61		141,79		8.922.158,39	821.763,79	1,78
MWD	1.104,00	34,05		S74,42E	1.067,48		-949,28		161,91		-55,52		152,09		8.922.155,48	821.774,09	0,77
MWD	1.122,00	34,01		S70,33E	1.082,40		-964,20		171,96		-58,57		161,68		8.922.152,43	821.783,68	3,81
MWD	1.141,00	33,28		S72,87E	1.098,21		-980,01		182,49		-61,89		171,67		8.922.149,11	821.793,67	2,50
MWD	1.160,00	33,61		S76,71E	1.114,07		-995,87		192,92		-64,64		181,77		8.922.146,36	821.803,77	3,38
MWD	1.180,00	34,99		S80,97E	1.130,59		-1.012,39	204,07		-66,81		192,82		8.922.144,19	821.814,82	4,15
MWD	1.198,00	35,19		S82,39E	1.145,32		-1.027,12	214,24		-68,31		203,06		8.922.142,69	821.825,06	1,40
MWD	1.217,00	34,74		S85,42E	1.160,89		-1.042,69	224,88		-69,47		213,88		8.922.141,53	821.835,88	2,83
MWD	1.236,00	34,87		S85,34E	1.176,49		-1.058,29	235,44		-70,34		224,69		8.922.140,66	821.846,69	0,22
MWD	1.255,00	34,89		S84,84E	1.192,08		-1.073,88	246,07		-71,27		235,52		8.922.139,73	821.857,52	0,45
MWD	1.275,00	35,07		S84,65E	1.208,47		-1.090,27	257,31		-72,32		246,94		8.922.138,68	821.868,94	0,32
MWD	1.294,00	35,71		S84,29E	1.223,96		-1.105,76	268,13		-73,38		257,89		8.922.137,62	821.879,89	1,06
MWD	1.313,00	36,34		S84,77E	1.239,32		-1.121,12	279,12		-74,45		269,01		8.922.136,55	821.891,01	1,09
MWD	1.332,00	36,85		S84,39E	1.254,58		-1.136,38	290,29		-75,52		280,29		8.922.135,48	821.902,29	0,88
MWD	1.351,00	37,44		S84,53E	1.269,72		-1.151,52	301,60		-76,62		291,71		8.922.134,38	821.913,71	0,94
MWD	1.370,00	38,07		S84,90E	1.284,75		-1.166,55	313,08		-77,69		303,29		8.922.133,31	821.925,29	1,06
MWD	1.389,00	37,36		S83,88E	1.299,78		-1.181,58	324,58		-78,83		314,86		8.922.132,17	821.936,86	1,49
MWD	1.407,00	36,11		S83,87E	1.314,20		-1.196,00	335,24		-79,98		325,56		8.922.131,02	821.947,56	2,08
MWD	1.426,00	36,66		S83,82E	1.329,50		-1.211,30	346,42		-81,19		336,77		8.922.129,81	821.958,77	0,87
MWD	1.444,00	36,81		S83,41E	1.343,92		-1.225,72	357,10		-82,38		347,47		8.922.128,62	821.969,47	0,48
MWD	1.463,00	36,19		S83,86E	1.359,20		-1.241,00	368,32		-83,64		358,70		8.922.127,36	821.980,70	1,07
MWD	1.482,00	35,36		S84,91E	1.374,61		-1.256,41	379,33		-84,72		369,75		8.922.126,28	821.991,75	1,63
MWD	1.500,00	35,55		S84,60E	1.389,27		-1.271,07	389,69		-85,68		380,15		8.922.125,32	822.002,15	0,44
MWD	1.519,00	35,05		S84,75E	1.404,78		-1.286,58	400,58		-86,70		391,08		8.922.124,30	822.013,08	0,80
MWD	1.538,00	34,45		S83,93E	1.420,39		-1.302,19	411,33		-87,77		401,86		8.922.123,23	822.023,86	1,20
MWD	1.557,00	34,22		S84,36E	1.436,08		-1.317,88	421,98		-88,86		412,52		8.922.122,14	822.034,52	0,53
MWD	1.576,00	35,67		S87,47E	1.451,66		-1.333,46	432,75		-89,63		423,37		8.922.121,37	822.045,37	3,63
MWD	1.594,00	36,47		S88,08E	1.466,20		-1.348,00	443,20		-90,04		433,96		8.922.120,96	822.055,96	1,46
MWD	1.613,00	38,71		S89,92E	1.481,26		-1.363,06	454,60		-90,24		445,55		8.922.120,76	822.067,55	3,96
MWD	1.641,00	42,25		N88,18E	1.502,55		-1.384,35	472,36		-89,95		463,72		8.922.121,05	822.085,72	4,02
MWD	1.669,00	45,23		N87,32E	1.522,78		-1.404,58	491,22		-89,19		483,06		8.922.121,81	822.105,06	3,26
MWD	1.699,00	48,55		N89,18E	1.543,28		-1.425,08	512,65		-88,53		504,95		8.922.122,47	822.126,95	3,59
MWD	1.727,00	47,28		S88,43E	1.562,05		-1.443,85	533,14		-88,66		525,72		8.922.122,34	822.147,72	2,34
MWD	1.756,00	46,23		S83,69E	1.581,92		-1.463,72	554,16		-90,10		546,79		8.922.120,90	822.168,79	3,73
MWD	1.785,00	46,32		S82,63E	1.601,97		-1.483,77	575,09		-92,60		567,59		8.922.118,40	822.189,59	0,80
MWD	1.813,00	45,97		S80,87E	1.621,37		-1.503,17	595,28		-95,49		587,57		8.922.115,51	822.209,57	1,41
MWD	1.842,00	45,09		S78,08E	1.641,69		-1.523,49	615,97		-99,27		607,92		8.922.111,73	822.229,92	2,25
MWD	1.871,00	44,65		S75,42E	1.662,24		-1.544,04	636,38		-103,96		627,83		8.922.107,04	822.249,83	1,99
MWD	1.899,00	44,50		S73,39E	1.682,19		-1.563,99	655,91		-109,24		646,75		8.922.101,76	822.268,75	1,53
MWD	1.927,00	43,80		S72,00E	1.702,28		-1.584,08	675,24		-115,04		665,37		8.922.095,96	822.287,37	1,28
MWD	1.956,00	42,30		S70,94E	1.723,47		-1.605,27	694,82		-121,33		684,14		8.922.089,67	822.306,14	1,72
MWD	1.966,00	42,51		S70,80E	1.730,85		-1.612,65	701,48		-123,54		690,52		8.922.087,46	822.312,52	0,69
MWD	2.023,00	36,52		S67,84E	1.774,81		-1.656,61	737,15		-136,28		724,44		8.922.074,72	822.346,44	3,30
MWD	2.071,00	32,26		S66,56E	1.814,41		-1.696,21	763,68		-146,77		749,44		8.922.064,23	822.371,44	2,70
MWD	2.085,00	32,05		S66,56E	1.826,26		-1.708,06	770,95		-149,73		756,27		8.922.061,27	822.378,27	0,45
EXT	2.100,00	32,05		S66,56E	1.838,98		-1.720,78	778,74		-152,90		763,58		8.922.058,10	822.385,58	0,00
